{
 "cells": [
  {
   "cell_type": "code",
   "execution_count": 13,
   "metadata": {
    "collapsed": false
   },
   "outputs": [
    {
     "name": "stdout",
     "output_type": "stream",
     "text": [
      "1.27868235318e-15\n"
     ]
    }
   ],
   "source": [
    "import numpy as np\n",
    "import pylab as plt\n",
    "import time\n",
    "\n",
    "def fft(A):\n",
    "    return np.fft.fftshift(np.fft.fft2(A))\n",
    "\n",
    "def ifft(A):\n",
    "    return np.fft.ifft2(np.fft.ifftshift(A))\n",
    "\n",
    "if __name__ == '__main__':\n",
    "    N = 1000\n",
    "    x = np.linspace(0.,1.,N)\n",
    "    dx = np.abs(x[0] - x[1])\n",
    "    X,Y = np.meshgrid(x,x)\n",
    "    kx = np.fft.fftshift(np.fft.fftfreq(N,d=dx))\n",
    "    Kx,Ky = np.meshgrid(kx,kx)\n",
    "    P = np.exp(1j*2.*np.pi*(X**2+Y**2))\n",
    "    d = fft(P/P)\n",
    "    #plt.imshow(np.real(ifft(d)))\n",
    "    #plt.show()\n",
    "    l = np.linspace(-1,1,1000)\n",
    "    L,M = np.meshgrid(l,l)\n",
    "    w = 10\n",
    "    P = np.exp(1j*np.pi*2*np.sqrt(1j - L**2 - M**2)*w)\n",
    "    print(np.abs(np.sum(P)))\n",
    "        \n",
    "    \n",
    "            \n",
    "    "
   ]
  },
  {
   "cell_type": "code",
   "execution_count": 4,
   "metadata": {
    "collapsed": false
   },
   "outputs": [
    {
     "data": {
      "text/plain": [
       "array([[ 0.34356075+1.45534669j,  0.34386842+1.45404453j,\n",
       "         0.34417625+1.45274406j, ...,  0.34417625+1.45274406j,\n",
       "         0.34386842+1.45404453j,  0.34356075+1.45534669j],\n",
       "       [ 0.34386842+1.45404453j,  0.34417687+1.45274145j,\n",
       "         0.34448546+1.45144006j, ...,  0.34448546+1.45144006j,\n",
       "         0.34417687+1.45274145j,  0.34386842+1.45404453j],\n",
       "       [ 0.34417625+1.45274406j,  0.34448546+1.45144006j,\n",
       "         0.34479483+1.45013776j, ...,  0.34479483+1.45013776j,\n",
       "         0.34448546+1.45144006j,  0.34417625+1.45274406j],\n",
       "       ..., \n",
       "       [ 0.34417625+1.45274406j,  0.34448546+1.45144006j,\n",
       "         0.34479483+1.45013776j, ...,  0.34479483+1.45013776j,\n",
       "         0.34448546+1.45144006j,  0.34417625+1.45274406j],\n",
       "       [ 0.34386842+1.45404453j,  0.34417687+1.45274145j,\n",
       "         0.34448546+1.45144006j, ...,  0.34448546+1.45144006j,\n",
       "         0.34417687+1.45274145j,  0.34386842+1.45404453j],\n",
       "       [ 0.34356075+1.45534669j,  0.34386842+1.45404453j,\n",
       "         0.34417625+1.45274406j, ...,  0.34417625+1.45274406j,\n",
       "         0.34386842+1.45404453j,  0.34356075+1.45534669j]])"
      ]
     },
     "execution_count": 4,
     "metadata": {},
     "output_type": "execute_result"
    }
   ],
   "source": [
    "np.sqrt(1j - L**2 - M**2)"
   ]
  },
  {
   "cell_type": "code",
   "execution_count": 53,
   "metadata": {
    "collapsed": false
   },
   "outputs": [
    {
     "data": {
      "text/plain": [
       "array([[  1.00000000e+06 -4.01763082e-15j,\n",
       "          1.02785517e-13 +1.80331718e-14j,\n",
       "          2.88305687e-14 -8.08957357e-15j, ...,\n",
       "         -1.03599820e-13 +1.92325961e-13j,\n",
       "          4.08986229e-14 -1.10736906e-14j,\n",
       "          9.02793451e-14 -2.65704458e-14j],\n",
       "       [  6.25308589e-15 -4.26863701e-15j,\n",
       "          2.61337807e-13 +2.41260403e-14j,\n",
       "          2.41787319e-14 -3.30659787e-14j, ...,\n",
       "          5.83911600e-15 +1.61950054e-13j,\n",
       "          2.33070497e-14 -8.99803720e-15j,\n",
       "          5.76713296e-14 +1.87331348e-14j],\n",
       "       [ -6.03402707e-15 -9.58163207e-15j,\n",
       "          2.13799322e-13 -3.56580945e-13j,\n",
       "         -6.17253460e-15 -3.73287356e-14j, ...,\n",
       "          5.22776340e-14 +6.24837138e-14j,\n",
       "          1.63522843e-15 -8.87285951e-15j,\n",
       "          1.37982814e-13 -4.33194306e-14j],\n",
       "       ..., \n",
       "       [ -2.98952656e-15 +2.11602713e-15j,\n",
       "          5.83911600e-15 +1.61950054e-13j,\n",
       "          1.24824611e-16 -1.41608773e-14j, ...,\n",
       "          2.25314793e-13 -5.56616539e-13j,\n",
       "         -6.20517041e-14 -3.84977400e-14j,\n",
       "         -3.29874119e-13 +2.00183228e-13j],\n",
       "       [  6.03402707e-15 -9.58163207e-15j,\n",
       "          1.57389618e-13 +3.88762984e-14j,\n",
       "          1.63522843e-15 +2.89069277e-14j, ...,\n",
       "         -5.21249633e-13 -2.59294143e-13j,\n",
       "         -4.27751393e-14 +5.97031559e-14j,\n",
       "          1.93722434e-13 +3.77466739e-13j],\n",
       "       [ -6.25308589e-15 -4.26863701e-15j,\n",
       "          5.76713296e-14 +1.87331348e-14j,\n",
       "          3.90024613e-15 +4.55490500e-15j, ...,\n",
       "         -3.29874119e-13 +2.00183228e-13j,\n",
       "          4.10184365e-15 +5.39517723e-14j,\n",
       "          2.50022408e-13 -6.78146085e-14j]])"
      ]
     },
     "execution_count": 53,
     "metadata": {},
     "output_type": "execute_result"
    }
   ],
   "source": [
    "d"
   ]
  },
  {
   "cell_type": "code",
   "execution_count": null,
   "metadata": {
    "collapsed": true
   },
   "outputs": [],
   "source": []
  }
 ],
 "metadata": {
  "kernelspec": {
   "display_name": "Python 3",
   "language": "python",
   "name": "python3"
  },
  "language_info": {
   "codemirror_mode": {
    "name": "ipython",
    "version": 3
   },
   "file_extension": ".py",
   "mimetype": "text/x-python",
   "name": "python",
   "nbconvert_exporter": "python",
   "pygments_lexer": "ipython3",
   "version": "3.5.1"
  }
 },
 "nbformat": 4,
 "nbformat_minor": 0
}
